The size of matrix is: 10x10
Elements of DI: [9 12 9 15 14 9 6 15 14 4 ]
Elements of AL: [-4 -3 -3 -3 -1 -1 -2 -2 -3 -1 -3 -2 -2 -2 -2 -2 -3 -2 -1 -3 -4 -4 ]
Elements of IA: [0 0 1 2 5 9 12 12 17 21 22 ]
Elements of B: [-16 -11 -15 -1 1 4 -9 27 17 4 ]
Tight matrix:
9 -4 0 -3 -1 0 0 0 0 0 
-4 12 -3 -3 -2 0 0 0 0 0 
0 -3 9 -1 -2 -1 0 -2 0 0 
-3 -3 -1 15 -3 -3 0 -2 0 0 
-1 -2 -2 -3 14 -2 0 -2 -2 0 
0 0 -1 -3 -2 9 0 -2 -1 0 
0 0 0 0 0 0 6 -3 -3 0 
0 0 -2 -2 -2 -2 -3 15 -4 0 
0 0 0 0 -2 -1 -3 -4 14 -4 
0 0 0 0 0 0 0 0 -4 4 

Calc by Gauss method:
x = [1 2 3 4 5 6 7 8 9 10 ]
Calc Y by LLT method:
y = [-5.33333 -5.66464 -7.12943 -5.80076 -6.50075 -4.64553 -3.67423 -0.943602 1.26221 7.94766 ]
Calc X by LLT method:
x = [0.999981 1.99998 2.99998 3.99998 4.99998 5.99998 6.99998 7.99998 8.99998 9.99998 ]
